A 104772674 0 0 199 59.99
A 105098482 0 200 399 109.99
A 105308842 0 400 599 15.99
A 103599194 0 600 799 74.99
A 102182201 0 800 999 33.99
A 106056026 1 0 199 93.99
A 109544203 1 200 399 30.99
A 100369097 1 400 599 98.99
A 107396636 1 600 799 79.99
A 100524917 1 800 999 17.99
A 108899487 2 0 199 47.99
A 105583119 2 200 399 88.99
A 109932157 2 400 599 108.99
A 100966199 2 600 799 17.99
A 101408109 2 800 999 101.99
A 106017056 3 0 199 108.99
A 104122796 3 200 399 83.99
A 103359712 3 400 599 107.99
A 104007002 3 600 799 87.99
A 106216151 3 800 999 108.99
B 102522865 0 0 199 50.99
B 109059769 0 200 399 85.99
B 101031394 0 400 599 94.99
B 106836281 0 600 799 24.99
B 106662349 0 800 999 94.99
B 101040211 1 0 199 13.99
B 105312733 1 200 399 38.99
B 108391606 1 400 599 56.99
B 109923903 1 600 799 29.99
B 109858893 1 800 999 59.99
B 103618109 2 0 199 38.99
B 105772649 2 200 399 13.99
B 103207931 2 400 599 50.99
B 107418125 2 600 799 87.99
B 107383500 2 800 999 16.99
B 107252181 3 0 199 92.99
B 107504818 3 200 399 81.99
B 103769731 3 400 599 100.99
B 106248304 3 600 799 79.99
B 101583783 3 800 999 89.99
C 102028878 0 0 199 88.99
C 104953835 0 200 399 73.99
C 101547113 0 400 599 79.99
C 104949112 0 600 799 40.99
C 103037492 0 800 999 34.99
C 106437897 1 0 199 47.99
C 109852815 1 200 399 56.99
C 103639178 1 400 599 83.99
C 107449730 1 600 799 83.99
C 107529324 1 800 999 68.99
C 105082134 2 0 199 106.99
C 109539720 2 200 399 49.99
C 107118672 2 400 599 20.99
C 102954157 2 600 799 73.99
C 108792651 2 800 999 81.99
C 104123464 3 0 199 69.99
C 107632625 3 200 399 75.99
C 101111471 3 400 599 12.99
C 105616725 3 600 799 59.99
C 104484226 3 800 999 54.99
D 102690524 0 0 199 60.99
D 103095676 0 200 399 33.99
D 104224943 0 400 599 25.99
D 105245556 0 600 799 103.99
D 107878513 0 800 999 48.99
D 103501360 1 0 199 100.99
D 105804171 1 200 399 10.99
D 105211823 1 400 599 49.99
D 106749016 1 600 799 73.99
D 100645606 1 800 999 103.99
D 101169208 2 0 199 49.99
D 102430757 2 200 399 108.99
D 101071044 2 400 599 57.99
D 104828825 2 600 799 21.99
D 104517019 2 800 999 32.99
D 100063210 3 0 199 18.99
D 106452571 3 200 399 79.99
D 108399749 3 400 599 86.99
D 108333868 3 600 799 31.99
D 108508148 3 800 999 19.99
E 104231670 0 0 199 84.99
E 106229224 0 200 399 19.99
E 100963378 0 400 599 76.99
E 103472857 0 600 799 15.99
E 103779038 0 800 999 106.99
E 104887620 1 0 199 21.99
E 104618634 1 200 399 14.99
E 102000531 1 400 599 79.99
E 101218448 1 600 799 15.99
E 107195291 1 800 999 95.99
E 100597473 2 0 199 32.99
E 103274303 2 200 399 13.99
E 104540921 2 400 599 44.99
E 108206129 2 600 799 74.99
E 107001076 2 800 999 12.99
E 102058201 3 0 199 67.99
E 106345531 3 200 399 91.99
E 106385102 3 400 599 66.99
E 106081239 3 600 799 90.99
E 101481217 3 800 999 81.99
F 103299686 0 0 199 39.99
F 101483257 0 200 399 27.99
F 101165738 0 400 599 77.99
F 109955896 0 600 799 57.99
F 102311742 0 800 999 77.99
F 103234493 1 0 199 42.99
F 101474405 1 200 399 74.99
F 106802339 1 400 599 76.99
F 100061307 1 600 799 102.99
F 103674727 1 800 999 51.99
F 107598477 2 0 199 102.99
F 109905863 2 200 399 52.99
F 102944644 2 400 599 73.99
F 108915397 2 600 799 99.99
F 105970940 2 800 999 38.99
F 108272458 3 0 199 49.99
F 105232051 3 200 399 31.99
F 100126568 3 400 599 69.99
F 106228252 3 600 799 10.99
F 102298936 3 800 999 18.99
G 102882829 0 0 199 28.99
G 100646496 0 200 399 58.99
G 109621622 0 400 599 45.99
G 109601276 0 600 799 82.99
G 108596292 0 800 999 39.99
G 105575297 1 0 199 19.99
G 107423477 1 200 399 47.99
G 100979439 1 400 599 79.99
G 105389084 1 600 799 47.99
G 100256217 1 800 999 75.99
G 104921537 2 0 199 80.99
G 109533916 2 200 399 71.99
G 103883126 2 400 599 59.99
G 109687229 2 600 799 106.99
G 106420215 2 800 999 65.99
G 103383582 3 0 199 48.99
G 108263805 3 200 399 77.99
G 104415325 3 400 599 63.99
G 104610591 3 600 799 74.99
G 102525834 3 800 999 59.99
H 106407269 0 0 199 85.99
H 100221826 0 200 399 19.99
H 102205291 0 400 599 15.99
H 109025324 0 600 799 49.99
H 102787119 0 800 999 38.99
H 109429456 1 0 199 90.99
H 100919031 1 200 399 42.99
H 101547052 1 400 599 75.99
H 104128134 1 600 799 109.99
H 106172037 1 800 999 79.99
H 103039577 2 0 199 30.99
H 100404160 2 200 399 102.99
H 105791176 2 400 599 21.99
H 100933138 2 600 799 17.99
H 108537368 2 800 999 33.99
H 100368380 3 0 199 71.99
H 102606626 3 200 399 87.99
H 108008925 3 400 599 67.99
H 107306542 3 600 799 80.99
H 109927585 3 800 999 38.99
I 102299899 0 0 199 104.99
I 103757847 0 200 399 84.99
I 108704092 0 400 599 57.99
I 106107873 0 600 799 103.99
I 108351356 0 800 999 87.99
I 105699845 1 0 199 34.99
I 109895234 1 200 399 45.99
I 108037792 1 400 599 51.99
I 104361423 1 600 799 44.99
I 104808377 1 800 999 45.99
I 106072100 2 0 199 77.99
I 101380659 2 200 399 43.99
I 100718305 2 400 599 45.99
I 101135453 2 600 799 14.99
I 106866601 2 800 999 31.99
I 102355236 3 0 199 107.99
I 106018337 3 200 399 96.99
I 102736104 3 400 599 53.99
I 107761558 3 600 799 87.99
I 105004139 3 800 999 46.99
J 103484990 0 0 199 96.99
J 101682790 0 200 399 104.99
J 109064214 0 400 599 59.99
J 106126518 0 600 799 52.99
J 102594155 0 800 999 24.99
J 105390515 1 0 199 51.99
J 106112629 1 200 399 37.99
J 103637665 1 400 599 42.99
J 106312861 1 600 799 80.99
J 106802624 1 800 999 36.99
J 105712608 2 0 199 37.99
J 109158526 2 200 399 14.99
J 100482891 2 400 599 108.99
J 108413261 2 600 799 26.99
J 105646758 2 800 999 38.99
J 108293134 3 0 199 33.99
J 102098349 3 200 399 54.99
J 106838700 3 400 599 64.99
J 103449337 3 600 799 60.99
J 109709382 3 800 999 26.99
K 102342782 0 0 199 108.99
K 102875268 0 200 399 93.99
K 107600685 0 400 599 104.99
K 107644683 0 600 799 106.99
K 106108474 0 800 999 65.99
K 100648075 1 0 199 23.99
K 104515448 1 200 399 80.99
K 102209269 1 400 599 28.99
K 109312992 1 600 799 75.99
K 101571018 1 800 999 77.99
K 106840496 2 0 199 22.99
K 102165519 2 200 399 88.99
K 101464752 2 400 599 55.99
K 107147869 2 600 799 34.99
K 109470991 2 800 999 18.99
K 105987221 3 0 199 45.99
K 101128556 3 200 399 78.99
K 102905904 3 400 599 46.99
K 109728882 3 600 799 74.99
K 107147444 3 800 999 52.99
L 105907483 0 0 199 76.99
L 108738498 0 200 399 93.99
L 109320341 0 400 599 108.99
L 108978508 0 600 799 16.99
L 107108673 0 800 999 40.99
L 108445157 1 0 199 53.99
L 106592856 1 200 399 56.99
L 102372913 1 400 599 14.99
L 108145960 1 600 799 88.99
L 108002299 1 800 999 79.99
L 106417405 2 0 199 28.99
L 107454437 2 200 399 36.99
L 100119067 2 400 599 36.99
L 106736698 2 600 799 58.99
L 106335846 2 800 999 80.99
L 100237024 3 0 199 80.99
L 102337700 3 200 399 72.99
L 106601449 3 400 599 84.99
L 102581083 3 600 799 52.99
L 109883464 3 800 999 107.99
M 102676309 0 0 199 80.99
M 108054688 0 200 399 86.99
M 102641730 0 400 599 55.99
M 101380152 0 600 799 72.99
M 100423932 0 800 999 46.99
M 101973771 1 0 199 41.99
M 107663717 1 200 399 27.99
M 104478333 1 400 599 80.99
M 101102060 1 600 799 19.99
M 101646887 1 800 999 69.99
M 103449007 2 0 199 50.99
M 108403155 2 200 399 89.99
M 106926395 2 400 599 19.99
M 104099715 2 600 799 11.99
M 108228334 2 800 999 100.99
M 109698220 3 0 199 29.99
M 100571517 3 200 399 20.99
M 103874432 3 400 599 56.99
M 101851794 3 600 799 83.99
M 100336873 3 800 999 57.99
N 107419790 0 0 199 95.99
N 109360785 0 200 399 82.99
N 108090348 0 400 599 13.99
N 101329438 0 600 799 44.99
N 103418437 0 800 999 36.99
N 104889083 1 0 199 75.99
N 108553328 1 200 399 10.99
N 104892242 1 400 599 16.99
N 103732417 1 600 799 84.99
N 105118998 1 800 999 66.99
N 107095538 2 0 199 73.99
N 108959292 2 200 399 25.99
N 101988512 2 400 599 34.99
N 101207305 2 600 799 40.99
N 108162924 2 800 999 13.99
N 109675654 3 0 199 90.99
N 108641858 3 200 399 28.99
N 102936081 3 400 599 56.99
N 105821110 3 600 799 94.99
N 106692110 3 800 999 46.99
O 104857866 0 0 199 73.99
O 109669299 0 200 399 98.99
O 109342537 0 400 599 94.99
O 104459086 0 600 799 54.99
O 106508000 0 800 999 74.99
O 109950188 1 0 199 86.99
O 101732476 1 200 399 22.99
O 106028638 1 400 599 34.99
O 100910785 1 600 799 53.99
O 109179282 1 800 999 10.99
O 105962623 2 0 199 55.99
O 104461849 2 200 399 39.99
O 100584651 2 400 599 32.99
O 101320531 2 600 799 69.99
O 104198203 2 800 999 22.99
O 100045753 3 0 199 88.99
O 100940093 3 200 399 74.99
O 109295943 3 400 599 95.99
O 105661716 3 600 799 75.99
O 107226628 3 800 999 78.99
P 100120432 0 0 199 104.99
P 107507375 0 200 399 96.99
P 104830506 0 400 599 35.99
P 101323912 0 600 799 99.99
P 106215193 0 800 999 27.99
P 108017976 1 0 199 104.99
P 105911443 1 200 399 16.99
P 101939166 1 400 599 28.99
P 101381764 1 600 799 84.99
P 109701046 1 800 999 22.99
P 106938660 2 0 199 82.99
P 106305512 2 200 399 92.99
P 101677016 2 400 599 90.99
P 103359211 2 600 799 68.99
P 108002727 2 800 999 19.99
P 108890900 3 0 199 102.99
P 107104599 3 200 399 77.99
P 109149119 3 400 599 59.99
P 103601060 3 600 799 44.99
P 104232472 3 800 999 46.99
Q 101094940 0 0 199 10.99
Q 103427207 0 200 399 69.99
Q 104259226 0 400 599 89.99
Q 108073910 0 600 799 76.99
Q 108140252 0 800 999 105.99
Q 105981632 1 0 199 85.99
Q 103913923 1 200 399 28.99
Q 104855671 1 400 599 63.99
Q 103975976 1 600 799 101.99
Q 103572178 1 800 999 100.99
Q 105862358 2 0 199 75.99
Q 104984049 2 200 399 95.99
Q 105810343 2 400 599 43.99
Q 109739727 2 600 799 84.99
Q 104897982 2 800 999 17.99
Q 105629827 3 0 199 99.99
Q 104672222 3 200 399 82.99
Q 103346611 3 400 599 51.99
Q 100982245 3 600 799 88.99
Q 101660949 3 800 999 55.99
R 100459497 0 0 199 104.99
R 104074403 0 200 399 68.99
R 107960558 0 400 599 97.99
R 103305435 0 600 799 54.99
R 104195904 0 800 999 31.99
R 108508208 1 0 199 13.99
R 107001843 1 200 399 106.99
R 102570128 1 400 599 44.99
R 101277941 1 600 799 72.99
R 100770579 1 800 999 93.99
R 101564365 2 0 199 102.99
R 104739901 2 200 399 97.99
R 109278834 2 400 599 27.99
R 109711856 2 600 799 107.99
R 100335818 2 800 999 100.99
R 107424753 3 0 199 84.99
R 107082302 3 200 399 100.99
R 109239573 3 400 599 109.99
R 105127798 3 600 799 32.99
R 105515911 3 800 999 84.99
S 100607286 0 0 199 96.99
S 101897785 0 200 399 10.99
S 106536788 0 400 599 96.99
S 101581541 0 600 799 70.99
S 109057877 0 800 999 65.99
S 107599039 1 0 199 92.99
S 107033508 1 200 399 12.99
S 109832889 1 400 599 16.99
S 105994606 1 600 799 85.99
S 102214386 1 800 999 53.99
S 102703389 2 0 199 82.99
S 109784764 2 200 399 88.99
S 106310766 2 400 599 83.99
S 100715848 2 600 799 73.99
S 103126321 2 800 999 54.99
S 101877489 3 0 199 94.99
S 101517213 3 200 399 35.99
S 104159265 3 400 599 15.99
S 101271757 3 600 799 94.99
S 108027108 3 800 999 45.99
T 104334683 0 0 199 30.99
T 107131271 0 200 399 63.99
T 104770071 0 400 599 22.99
T 100390252 0 600 799 62.99
T 102699877 0 800 999 79.99
T 102165997 1 0 199 102.99
T 106044848 1 200 399 53.99
T 107618027 1 400 599 90.99
T 100786447 1 600 799 103.99
T 104182002 1 800 999 13.99
T 106586226 2 0 199 105.99
T 100637834 2 200 399 35.99
T 105164936 2 400 599 105.99
T 100643741 2 600 799 40.99
T 103021361 2 800 999 103.99
T 105199104 3 0 199 55.99
T 104802331 3 200 399 54.99
T 109625376 3 400 599 103.99
T 101587579 3 600 799 92.99
T 104478666 3 800 999 104.99
U 102958698 0 0 199 14.99
U 102595606 0 200 399 84.99
U 100882138 0 400 599 77.99
U 104087921 0 600 799 50.99
U 100769075 0 800 999 97.99
U 105078854 1 0 199 23.99
U 107964174 1 200 399 31.99
U 108531785 1 400 599 24.99
U 102613389 1 600 799 18.99
U 100859104 1 800 999 64.99
U 102339541 2 0 199 91.99
U 109202861 2 200 399 39.99
U 103810985 2 400 599 67.99
U 100938428 2 600 799 81.99
U 105871524 2 800 999 43.99
U 102689222 3 0 199 60.99
U 107546898 3 200 399 34.99
U 100967200 3 400 599 81.99
U 107400428 3 600 799 18.99
U 105019203 3 800 999 53.99
V 104295919 0 0 199 80.99
V 104344184 0 200 399 81.99
V 100357848 0 400 599 32.99
V 100076320 0 600 799 73.99
V 107247678 0 800 999 42.99
V 101957277 1 0 199 61.99
V 108718987 1 200 399 46.99
V 107387233 1 400 599 63.99
V 102298008 1 600 799 87.99
V 106246673 1 800 999 35.99
V 104580709 2 0 199 54.99
V 109671125 2 200 399 42.99
V 109261810 2 400 599 55.99
V 103293503 2 600 799 15.99
V 103504828 2 800 999 48.99
V 109757397 3 0 199 75.99
V 108094423 3 200 399 18.99
V 102557117 3 400 599 89.99
V 100871460 3 600 799 50.99
V 108683780 3 800 999 89.99
W 102367664 0 0 199 69.99
W 102939018 0 200 399 78.99
W 108682410 0 400 599 53.99
W 103744782 0 600 799 51.99
W 108408574 0 800 999 103.99
W 104405842 1 0 199 67.99
W 102703250 1 200 399 33.99
W 102230635 1 400 599 49.99
W 107795100 1 600 799 28.99
W 100674599 1 800 999 11.99
W 104992670 2 0 199 104.99
W 108123546 2 200 399 107.99
W 105637119 2 400 599 65.99
W 106364615 2 600 799 25.99
W 105888583 2 800 999 79.99
W 108825704 3 0 199 16.99
W 105387511 3 200 399 14.99
W 109894201 3 400 599 97.99
W 101981665 3 600 799 63.99
W 104095626 3 800 999 11.99
X 102914592 0 0 199 17.99
X 107792326 0 200 399 77.99
X 107602730 0 400 599 81.99
X 108497652 0 600 799 99.99
X 109068433 0 800 999 74.99
X 104795108 1 0 199 39.99
X 108971879 1 200 399 85.99
X 108555244 1 400 599 17.99
X 106952280 1 600 799 74.99
X 104537294 1 800 999 35.99
X 102250196 2 0 199 95.99
X 109201461 2 200 399 61.99
X 108761444 2 400 599 32.99
X 108006238 2 600 799 22.99
X 104072990 2 800 999 79.99
X 106357844 3 0 199 25.99
X 100946868 3 200 399 74.99
X 108213459 3 400 599 92.99
X 107203622 3 600 799 108.99
X 102509134 3 800 999 107.99
Y 100365720 0 0 199 48.99
Y 102111628 0 200 399 79.99
Y 108231614 0 400 599 54.99
Y 103787245 0 600 799 61.99
Y 100703859 0 800 999 65.99
Y 107052363 1 0 199 38.99
Y 101828969 1 200 399 81.99
Y 105567868 1 400 599 10.99
Y 106268923 1 600 799 66.99
Y 101406835 1 800 999 99.99
Y 102796575 2 0 199 13.99
Y 104448774 2 200 399 60.99
Y 103862519 2 400 599 76.99
Y 107566922 2 600 799 14.99
Y 104504966 2 800 999 89.99
Y 107313946 3 0 199 106.99
Y 109256703 3 200 399 44.99
Y 100798135 3 400 599 72.99
Y 109087033 3 600 799 26.99
Y 102568841 3 800 999 105.99
Z 108052544 0 0 199 22.99
Z 103578372 0 200 399 37.99
Z 103225349 0 400 599 11.99
Z 101746854 0 600 799 88.99
Z 105569461 0 800 999 24.99
Z 101309212 1 0 199 11.99
Z 109315111 1 200 399 81.99
Z 104740356 1 400 599 45.99
Z 102786286 1 600 799 65.99
Z 103983694 1 800 999 77.99
Z 102624270 2 0 199 77.99
Z 105304124 2 200 399 96.99
Z 109737932 2 400 599 85.99
Z 105450120 2 600 799 63.99
Z 104312734 2 800 999 50.99
Z 101262884 3 0 199 72.99
Z 104165314 3 200 399 33.99
Z 100822940 3 400 599 65.99
Z 106015723 3 600 799 34.99
Z 105993624 3 800 999 71.99
